Evaluating: 1x^3 + -2x^1 + -5
Max Error a       b       c         f(a)    f(b)    f(c)    
1.5000    0.0000  3.0000  1.5000    -5.0000 16.0000 -4.6250 
0.7500    1.5000  3.0000  2.2500    -4.6250 16.0000 1.8906  
0.3750    1.5000  2.2500  1.8750    -4.6250 1.8906  -2.1582 
0.1875    1.8750  2.2500  2.0625    -2.1582 1.8906  -0.3513 
0.0938    2.0625  2.2500  2.1563    -0.3513 1.8906  0.7128  
0.0469    2.0625  2.1563  2.1094    -0.3513 0.7128  0.1668  
0.0234    2.0625  2.1094  2.0859    -0.3513 0.1668  -0.0957 
0.0117    2.0859  2.1094  2.0977    -0.0957 0.1668  0.0347  
0.0059    2.0859  2.0977  2.0918    -0.0957 0.0347  -0.0307 
0.0029    2.0918  2.0977  2.0947    -0.0307 0.0347  0.0020  


Evaluating: 1x^3 + -3
Max Error a       b       c         f(a)    f(b)    f(c)    
1.5000    0.0000  3.0000  1.5000    -3.0000 24.0000 0.3750  
0.7500    0.0000  1.5000  0.7500    -3.0000 0.3750  -2.5781 
0.3750    0.7500  1.5000  1.1250    -2.5781 0.3750  -1.5762 
0.1875    1.1250  1.5000  1.3125    -1.5762 0.3750  -0.7390 
0.0938    1.3125  1.5000  1.4063    -0.7390 0.3750  -0.2191 
0.0469    1.4063  1.5000  1.4531    -0.2191 0.3750  0.0684  
0.0234    1.4063  1.4531  1.4297    -0.2191 0.0684  -0.0777 
0.0117    1.4297  1.4531  1.4414    -0.0777 0.0684  -0.0053 
0.0059    1.4414  1.4531  1.4473    -0.0053 0.0684  0.0314  
0.0029    1.4414  1.4473  1.4443    -0.0053 0.0314  0.0130  


Evaluating: 1x^2 + -2
Max Error a       b       c         f(a)    f(b)    f(c)    
1.0000    0.0000  2.0000  1.0000    -2.0000 2.0000  -1.0000 
0.5000    1.0000  2.0000  1.5000    -1.0000 2.0000  0.2500  
0.2500    1.0000  1.5000  1.2500    -1.0000 0.2500  -0.4375 
0.1250    1.2500  1.5000  1.3750    -0.4375 0.2500  -0.1094 
0.0625    1.3750  1.5000  1.4375    -0.1094 0.2500  0.0664  
0.0313    1.3750  1.4375  1.4063    -0.1094 0.0664  -0.0225 
0.0156    1.4063  1.4375  1.4219    -0.0225 0.0664  0.0217  
0.0078    1.4063  1.4219  1.4141    -0.0225 0.0217  -0.0004 
0.0039    1.4141  1.4219  1.4180    -0.0004 0.0217  0.0106  
0.0020    1.4141  1.4180  1.4160    -0.0004 0.0106  0.0051  


